K,C,P,T,rf,S,sigmaCall,sigmaPut
1300,535.5,0,0.0986301369863014,0.005,1842.02,0.509881,0.407336
1325,511.1,0,0.0986301369863014,0.005,1842.02,0.528534,0.391993
1350,485.6,0.05,0.0986301369863014,0.005,1842.02,0.465295,0.380255
1375,460.7,0.1,0.0986301369863014,0.005,1842.02,0.450133,0.359669
1400,435.7,0.15,0.0986301369863014,0.005,1842.02,0.401017,0.331434
1430,405.8,0.25,0.0986301369863014,0.005,1842.02,0.398402,0.335131
1440,395.8,0.3,0.0986301369863014,0.005,1842.02,0.388755,0.324448
1450,385.9,0.3,0.0986301369863014,0.005,1842.02,0.390068,0.322879
1455,380.9,0.35,0.0986301369863014,0.005,1842.02,0.385182,0.322708
1460,375.9,0.35,0.0986301369863014,0.005,1842.02,0.378604,0.318503
1465,370.9,0.4,0.0986301369863014,0.005,1842.02,0.373756,0.316169
1470,365.9,0.4,0.0986301369863014,0.005,1842.02,0.368919,0.313748
1475,360.9,0.4,0.0986301369863014,0.005,1842.02,0.367373,0.305947
1480,356,0.45,0.0986301369863014,0.005,1842.02,0.364109,0.30702
1485,351,0.45,0.0986301369863014,0.005,1842.02,0.352818,0.304433
1490,346,0.45,0.0986301369863014,0.005,1842.02,0.354409,0.300207
1495,341,0.5,0.0986301369863014,0.005,1842.02,0.349574,0.299049
1500,336.1,0.5,0.0986301369863014,0.005,1842.02,0.347721,0.294806
1505,331.1,0.55,0.0986301369863014,0.005,1842.02,0.342873,0.293415
1510,326.1,0.55,0.0986301369863014,0.005,1842.02,0.335125,0.289156
1515,321.2,0.6,0.0986301369863014,0.005,1842.02,0.336,0.287557
1520,316.2,0.6,0.0986301369863014,0.005,1842.02,0.331149,0.281986
1525,311.2,0.65,0.0986301369863014,0.005,1842.02,0.322174,0.280269
1530,306.2,0.65,0.0986301369863014,0.005,1842.02,0.320129,0.274756
1535,301.3,0.7,0.0986301369863014,0.005,1842.02,0.31397,0.2741
1540,296.3,0.7,0.0986301369863014,0.005,1842.02,0.311825,0.272065
1545,291.9,0.7,0.0986301369863014,0.005,1842.02,0.325716,0.265528
1550,286.4,0.7,0.0986301369863014,0.005,1842.02,0.307169,0.26345
1555,281.4,0.75,0.0986301369863014,0.005,1842.02,0.301112,0.258078
1560,276.5,0.75,0.0986301369863014,0.005,1842.02,0.298637,0.257936
1565,271.5,0.75,0.0986301369863014,0.005,1842.02,0.294924,0.25361
1570,266.6,0.8,0.0986301369863014,0.005,1842.02,0.292281,0.251205
1575,261.6,0.8,0.0986301369863014,0.005,1842.02,0.287395,0.247788
1580,256.7,0.9,0.0986301369863014,0.005,1842.02,0.283579,0.242531
1585,251.7,0.9,0.0986301369863014,0.005,1842.02,0.278689,0.241713
1590,246.7,0.95,0.0986301369863014,0.005,1842.02,0.274831,0.238998
1595,241.8,0.95,0.0986301369863014,0.005,1842.02,0.272916,0.234605
1600,241.4,1,0.0986301369863014,0.005,1842.02,0.28402,0.232557
1605,236.5,1.1,0.0986301369863014,0.005,1842.02,0.279702,0.229629
1610,231.5,1.15,0.0986301369863014,0.005,1842.02,0.275361,0.226627
1615,226.6,1.15,0.0986301369863014,0.005,1842.02,0.270995,0.223554
1620,221.6,1.25,0.0986301369863014,0.005,1842.02,0.266604,0.220412
1625,216.7,1.3,0.0986301369863014,0.005,1842.02,0.262935,0.217839
1630,211.5,1.3,0.0986301369863014,0.005,1842.02,0.254774,0.213936
1635,206.8,1.4,0.0986301369863014,0.005,1842.02,0.253999,0.211197
1640,201.9,1.45,0.0986301369863014,0.005,1842.02,0.249493,0.208355
1645,196.7,1.5,0.0986301369863014,0.005,1842.02,0.242183,0.204324
1650,192,1.55,0.0986301369863014,0.005,1842.02,0.241074,0.200804
1655,187.1,1.65,0.0986301369863014,0.005,1842.02,0.237129,0.198253
1660,182.1,1.75,0.0986301369863014,0.005,1842.02,0.232491,0.19557
1665,177,1.8,0.0986301369863014,0.005,1842.02,0.225298,0.191831
1670,172.1,1.9,0.0986301369863014,0.005,1842.02,0.221281,0.188947
1675,167.2,2,0.0986301369863014,0.005,1842.02,0.217204,0.185949
1680,162.3,2.05,0.0986301369863014,0.005,1842.02,0.213069,0.183254
1685,157.4,2.2,0.0986301369863014,0.005,1842.02,0.208874,0.179631
1690,152.7,2.3,0.0986301369863014,0.005,1842.02,0.207384,0.176319
1695,147.9,2.45,0.0986301369863014,0.005,1842.02,0.203531,0.173638
1700,142.8,2.55,0.0986301369863014,0.005,1842.02,0.196991,0.170801
1705,138.2,2.7,0.0986301369863014,0.005,1842.02,0.195564,0.167485
1710,133.3,2.9,0.0986301369863014,0.005,1842.02,0.191451,0.165004
1715,128.3,3,0.0986301369863014,0.005,1842.02,0.185353,0.161729
1720,123.5,3.2,0.0986301369863014,0.005,1842.02,0.181586,0.1589
1725,119,3.4,0.0986301369863014,0.005,1842.02,0.179919,0.155895
1730,114.2,3.7,0.0986301369863014,0.005,1842.02,0.176273,0.153761
1735,109.5,3.9,0.0986301369863014,0.005,1842.02,0.170833,0.15038
1740,104.8,4.2,0.0986301369863014,0.005,1842.02,0.167362,0.147789
1745,100.1,4.5,0.0986301369863014,0.005,1842.02,0.164493,0.145409
1750,95.4,4.8,0.0986301369863014,0.005,1842.02,0.159914,0.142336
1755,90.6,5.2,0.0986301369863014,0.005,1842.02,0.15666,0.139859
1760,86.3,5.6,0.0986301369863014,0.005,1842.02,0.153533,0.1371
1765,81.5,6.1,0.0986301369863014,0.005,1842.02,0.149169,0.134436
1770,77.2,6.6,0.0986301369863014,0.005,1842.02,0.146567,0.132174
1775,72.8,7.1,0.0986301369863014,0.005,1842.02,0.143349,0.129234
1780,68.4,7.6,0.0986301369863014,0.005,1842.02,0.14015,0.126306
1785,64.1,8.4,0.0986301369863014,0.005,1842.02,0.137226,0.124263
1790,59.9,9.1,0.0986301369863014,0.005,1842.02,0.134243,0.121798
1795,55.7,9.9,0.0986301369863014,0.005,1842.02,0.131172,0.118925
1800,51.6,10.8,0.0986301369863014,0.005,1842.02,0.128246,0.116715
1805,47.7,11.7,0.0986301369863014,0.005,1842.02,0.125664,0.114027
1810,43.8,12.8,0.0986301369863014,0.005,1842.02,0.12263,0.111607
1815,40,14,0.0986301369863014,0.005,1842.02,0.119847,0.109382
1820,36.4,15.3,0.0986301369863014,0.005,1842.02,0.117254,0.106821
1825,32.8,16.8,0.0986301369863014,0.005,1842.02,0.11434,0.10458
1830,29.6,18.4,0.0986301369863014,0.005,1842.02,0.11219,0.102366
1835,26.4,20.2,0.0986301369863014,0.005,1842.02,0.109847,0.100126
1840,23.3,22.1,0.0986301369863014,0.005,1842.02,0.107272,0.097809
1845,20.6,24.2,0.0986301369863014,0.005,1842.02,0.105523,0.095585
1850,17.9,26.5,0.0986301369863014,0.005,1842.02,0.103239,0.093407
1855,15.5,29,0.0986301369863014,0.005,1842.02,0.101274,0.09123
1860,13.3,31.7,0.0986301369863014,0.005,1842.02,0.099383,0.088777
1865,11.3,34.7,0.0986301369863014,0.005,1842.02,0.097795,0.086973
1870,9.6,37.8,0.0986301369863014,0.005,1842.02,0.096543,0.084579
1875,8,41.3,0.0986301369863014,0.005,1842.02,0.094879,0.082613
1880,6.7,44.8,0.0986301369863014,0.005,1842.02,0.0939,0.08025
1885,5.5,48.6,0.0986301369863014,0.005,1842.02,0.093175,0.077747
1890,4.5,52.5,0.0986301369863014,0.005,1842.02,0.092149,0.07597
1895,3.7,56.7,0.0986301369863014,0.005,1842.02,0.091935,0.072399
1900,3.1,61.1,0.0986301369863014,0.005,1842.02,0.092055,0.069125
1905,2.5,65.3,0.0986301369863014,0.005,1842.02,0.091791,0.060632
1910,2.05,69.8,0.0986301369863014,0.005,1842.02,0.091889,0.049537
