K,C,P,T,rf,S,sigmaCall,sigmaPut
1275,546.7,0,0.0876712328767123,0.005,1827.99,0.572835,0.440159
1300,521.8,0.05,0.0876712328767123,0.005,1827.99,0.588981,0.430285
1325,496.8,0.1,0.0876712328767123,0.005,1827.99,0.523108,0.425968
1350,474.4,0.15,0.0876712328767123,0.005,1827.99,0.511934,0.391071
1370,454.6,0.2,0.0876712328767123,0.005,1827.99,0.498028,0.398273
1375,449.6,0.2,0.0876712328767123,0.005,1827.99,0.492534,0.393717
1380,442,0.25,0.0876712328767123,0.005,1827.99,0.504731,0.391952
1390,434.7,0.25,0.0876712328767123,0.005,1827.99,0.479809,0.385463
1400,424.7,0.3,0.0876712328767123,0.005,1827.99,0.468888,0.378822
1410,412.1,0.35,0.0876712328767123,0.005,1827.99,0.452671,0.374292
1420,402.1,0.35,0.0876712328767123,0.005,1827.99,0.463266,0.367273
1425,397.1,0.4,0.0876712328767123,0.005,1827.99,0.457734,0.364736
1430,394.8,0.4,0.0876712328767123,0.005,1827.99,0.439765,0.360147
1440,382.2,0.4,0.0876712328767123,0.005,1827.99,0.442661,0.352923
1450,372.2,0.45,0.0876712328767123,0.005,1827.99,0.413442,0.347389
1455,367.2,0.5,0.0876712328767123,0.005,1827.99,0.409759,0.344509
1460,364.9,0.5,0.0876712328767123,0.005,1827.99,0.410641,0.341561
1465,357.3,0.5,0.0876712328767123,0.005,1827.99,0.418015,0.336951
1470,352.3,0.55,0.0876712328767123,0.005,1827.99,0.39543,0.333931
1475,347.3,0.55,0.0876712328767123,0.005,1827.99,0.391655,0.330849
1480,342.4,0.55,0.0876712328767123,0.005,1827.99,0.38784,0.326234
1485,337.4,0.6,0.0876712328767123,0.005,1827.99,0.398775,0.323088
1490,335,0.6,0.0876712328767123,0.005,1827.99,0.381488,0.318474
1495,327.4,0.6,0.0876712328767123,0.005,1827.99,0.369104,0.315266
1500,322.5,0.65,0.0876712328767123,0.005,1827.99,0.369496,0.312006
1505,320.1,0.65,0.0876712328767123,0.005,1827.99,0.368208,0.308697
1510,312.5,0.7,0.0876712328767123,0.005,1827.99,0.375174,0.30534
1515,310.1,0.7,0.0876712328767123,0.005,1827.99,0.357576,0.301938
1520,302.6,0.75,0.0876712328767123,0.005,1827.99,0.345743,0.299665
1525,300.2,0.75,0.0876712328767123,0.005,1827.99,0.349458,0.295004
1530,295.2,0.75,0.0876712328767123,0.005,1827.99,0.344143,0.291476
1535,290.2,0.8,0.0876712328767123,0.005,1827.99,0.340028,0.288984
1540,285.3,0.8,0.0876712328767123,0.005,1827.99,0.33588,0.285349
1545,277.7,0.85,0.0876712328767123,0.005,1827.99,0.325872,0.281679
1550,275.3,0.95,0.0876712328767123,0.005,1827.99,0.326373,0.27991
1555,270.4,1,0.0876712328767123,0.005,1827.99,0.323249,0.277043
1560,265.5,0.95,0.0876712328767123,0.005,1827.99,0.318976,0.274087
1565,257.9,1.05,0.0876712328767123,0.005,1827.99,0.309339,0.272724
1570,252.9,1.05,0.0876712328767123,0.005,1827.99,0.318218,0.268736
1575,250.6,1.05,0.0876712328767123,0.005,1827.99,0.305979,0.264723
1580,245.7,1.1,0.0876712328767123,0.005,1827.99,0.301586,0.260683
1585,238,1.15,0.0876712328767123,0.005,1827.99,0.291273,0.258107
1590,233.1,1.15,0.0876712328767123,0.005,1827.99,0.287933,0.254697
1595,230.8,1.2,0.0876712328767123,0.005,1827.99,0.288235,0.249831
1600,225.9,1.25,0.0876712328767123,0.005,1827.99,0.283725,0.247015
1605,220.9,1.3,0.0876712328767123,0.005,1827.99,0.278305,0.243439
1610,217,1.35,0.0876712328767123,0.005,1827.99,0.279662,0.239803
1615,212.1,1.5,0.0876712328767123,0.005,1827.99,0.27814,0.237321
1620,207.1,1.45,0.0876712328767123,0.005,1827.99,0.272575,0.232949
1625,202.2,1.65,0.0876712328767123,0.005,1827.99,0.266243,0.228556
1630,197.3,1.7,0.0876712328767123,0.005,1827.99,0.264413,0.226888
1635,192.3,1.65,0.0876712328767123,0.005,1827.99,0.256611,0.221857
1640,187.4,1.7,0.0876712328767123,0.005,1827.99,0.253897,0.218376
1645,182.5,1.8,0.0876712328767123,0.005,1827.99,0.248267,0.214812
1650,177.5,1.9,0.0876712328767123,0.005,1827.99,0.243319,0.211642
1655,172.7,2,0.0876712328767123,0.005,1827.99,0.239672,0.207903
1660,167.8,2.1,0.0876712328767123,0.005,1827.99,0.236564,0.204967
1665,162.9,2.3,0.0876712328767123,0.005,1827.99,0.232078,0.201889
1670,158,2.3,0.0876712328767123,0.005,1827.99,0.227531,0.198275
1675,153.1,2.45,0.0876712328767123,0.005,1827.99,0.222922,0.194175
1680,148,2.55,0.0876712328767123,0.005,1827.99,0.217096,0.188482
1685,143,2.75,0.0876712328767123,0.005,1827.99,0.212394,0.185034
1690,138.1,2.9,0.0876712328767123,0.005,1827.99,0.207628,0.182169
1695,133.6,3,0.0876712328767123,0.005,1827.99,0.204926,0.180782
1700,128.8,3.2,0.0876712328767123,0.005,1827.99,0.201001,0.177807
1705,124,3.3,0.0876712328767123,0.005,1827.99,0.19695,0.174046
1710,119.2,3.6,0.0876712328767123,0.005,1827.99,0.192775,0.171309
1715,114.4,3.7,0.0876712328767123,0.005,1827.99,0.188477,0.167251
1720,109.3,4,0.0876712328767123,0.005,1827.99,0.181795,0.164652
1725,105.1,4.2,0.0876712328767123,0.005,1827.99,0.175547,0.160797
1730,100.2,4.5,0.0876712328767123,0.005,1827.99,0.171004,0.157747
1735,95.8,4.8,0.0876712328767123,0.005,1827.99,0.170051,0.15446
1740,91.1,5.2,0.0876712328767123,0.005,1827.99,0.164335,0.151815
1745,86.4,5.4,0.0876712328767123,0.005,1827.99,0.160077,0.147627
1750,81.9,5.9,0.0876712328767123,0.005,1827.99,0.158575,0.14485
1755,78.4,6.3,0.0876712328767123,0.005,1827.99,0.158038,0.141378
1760,73.9,6.8,0.0876712328767123,0.005,1827.99,0.15299,0.138356
1765,69.5,7.4,0.0876712328767123,0.005,1827.99,0.149698,0.135347
1770,64.9,7.9,0.0876712328767123,0.005,1827.99,0.145149,0.131984
1775,60.8,8.6,0.0876712328767123,0.005,1827.99,0.142146,0.129221
1780,56.5,9.3,0.0876712328767123,0.005,1827.99,0.138756,0.125733
1785,52.1,10.2,0.0876712328767123,0.005,1827.99,0.1347,0.123013
1790,48,11,0.0876712328767123,0.005,1827.99,0.131356,0.119811
1795,44.2,12.1,0.0876712328767123,0.005,1827.99,0.128352,0.11747
1800,40.3,13.2,0.0876712328767123,0.005,1827.99,0.1251,0.114293
1805,36.5,14.4,0.0876712328767123,0.005,1827.99,0.12182,0.111561
1810,32.9,15.8,0.0876712328767123,0.005,1827.99,0.119192,0.10893
1815,29.5,17.3,0.0876712328767123,0.005,1827.99,0.116405,0.106093
1820,26.2,18.9,0.0876712328767123,0.005,1827.99,0.113177,0.10347
1825,23.4,20.8,0.0876712328767123,0.005,1827.99,0.111345,0.10099
1830,20.5,22.8,0.0876712328767123,0.005,1827.99,0.108725,0.098351
1835,17.8,25,0.0876712328767123,0.005,1827.99,0.106451,0.096443
1840,15.3,27.5,0.0876712328767123,0.005,1827.99,0.104005,0.094031
1845,13.1,30.2,0.0876712328767123,0.005,1827.99,0.102084,0.091788
1850,11,33,0.0876712328767123,0.005,1827.99,0.100193,0.089162
1855,9.1,36.2,0.0876712328767123,0.005,1827.99,0.098049,0.086046
1860,7.5,39.6,0.0876712328767123,0.005,1827.99,0.096476,0.084163
1865,6.2,43.2,0.0876712328767123,0.005,1827.99,0.095617,0.081476
1870,5,47.1,0.0876712328767123,0.005,1827.99,0.094338,0.078099
1875,4,51.1,0.0876712328767123,0.005,1827.99,0.093335,0.079894
1880,3.3,55.3,0.0876712328767123,0.005,1827.99,0.093632,0.079438
1885,2.65,59.6,0.0876712328767123,0.005,1827.99,0.093237,0.076264
1890,2.2,63.7,0.0876712328767123,0.005,1827.99,0.093317,0.066362
