K,C,P,T,rf,S,sigmaCall,sigmaPut
1275,391.7,0,0.0657534246575342,0.005,1669.16,0.437934,0.356257
1300,366.7,0,0.0657534246575342,0.005,1669.16,0.409021,0.354105
1325,341.7,0.05,0.0657534246575342,0.005,1669.16,0.386341,0.336562
1350,316.8,0.15,0.0657534246575342,0.005,1669.16,0.362996,0.322706
1370,296.8,0.2,0.0657534246575342,0.005,1669.16,0.344788,0.310872
1375,291.9,0.2,0.0657534246575342,0.005,1669.16,0.343242,0.305688
1380,286.9,0.15,0.0657534246575342,0.005,1669.16,0.337509,0.30759
1390,276.9,0.15,0.0657534246575342,0.005,1669.16,0.326081,0.300188
1400,266.9,0.25,0.0657534246575342,0.005,1669.16,0.318364,0.286613
1410,257,0.25,0.0657534246575342,0.005,1669.16,0.310308,0.28699
1420,247,0.3,0.0657534246575342,0.005,1669.16,0.301951,0.280795
1425,242,0.35,0.0657534246575342,0.005,1669.16,0.296179,0.277473
1430,237.1,0.35,0.0657534246575342,0.005,1669.16,0.293317,0.272034
1440,227.1,0.4,0.0657534246575342,0.005,1669.16,0.284431,0.266749
1450,217.2,0.5,0.0657534246575342,0.005,1669.16,0.27531,0.260638
1455,212.2,0.5,0.0657534246575342,0.005,1669.16,0.271849,0.256579
1460,207.2,0.55,0.0657534246575342,0.005,1669.16,0.26597,0.252435
1465,202.2,0.6,0.0657534246575342,0.005,1669.16,0.260096,0.249571
1470,197.3,0.65,0.0657534246575342,0.005,1669.16,0.258547,0.246493
1475,192.3,0.65,0.0657534246575342,0.005,1669.16,0.25261,0.240792
1480,187.4,0.7,0.0657534246575342,0.005,1669.16,0.248667,0.237481
1485,182.4,0.75,0.0657534246575342,0.005,1669.16,0.244602,0.233994
1490,177.4,0.8,0.0657534246575342,0.005,1669.16,0.238604,0.230345
1495,172.5,0.8,0.0657534246575342,0.005,1669.16,0.236129,0.225544
1500,167.5,0.85,0.0657534246575342,0.005,1669.16,0.230067,0.221653
1505,162.6,0.9,0.0657534246575342,0.005,1669.16,0.227231,0.217626
1510,157.6,0.95,0.0657534246575342,0.005,1669.16,0.222633,0.21347
1515,152.7,1.05,0.0657534246575342,0.005,1669.16,0.21794,0.210014
1520,147.8,1.1,0.0657534246575342,0.005,1669.16,0.214536,0.206356
1525,142.9,1.15,0.0657534246575342,0.005,1669.16,0.21091,0.201779
1530,138,1.3,0.0657534246575342,0.005,1669.16,0.207078,0.198492
1535,133,1.35,0.0657534246575342,0.005,1669.16,0.201884,0.194307
1540,128.2,1.5,0.0657534246575342,0.005,1669.16,0.198846,0.191199
1545,123.3,1.55,0.0657534246575342,0.005,1669.16,0.194465,0.186649
1550,118.4,1.75,0.0657534246575342,0.005,1669.16,0.190911,0.184143
1555,113.6,1.85,0.0657534246575342,0.005,1669.16,0.187093,0.180237
1560,108.7,2.05,0.0657534246575342,0.005,1669.16,0.183029,0.177053
1565,103.9,2.2,0.0657534246575342,0.005,1669.16,0.179563,0.17354
1570,99.1,2.45,0.0657534246575342,0.005,1669.16,0.175783,0.170552
1575,94.4,2.7,0.0657534246575342,0.005,1669.16,0.172441,0.167562
1580,89.7,3,0.0657534246575342,0.005,1669.16,0.169423,0.165242
1585,85,3.2,0.0657534246575342,0.005,1669.16,0.165986,0.16141
1590,80.3,3.6,0.0657534246575342,0.005,1669.16,0.162761,0.15849
1595,75.8,4,0.0657534246575342,0.005,1669.16,0.160226,0.155678
1600,71.2,4.5,0.0657534246575342,0.005,1669.16,0.156621,0.153439
1605,66.8,5,0.0657534246575342,0.005,1669.16,0.154063,0.15059
1610,62.6,5.6,0.0657534246575342,0.005,1669.16,0.151844,0.14813
1615,58.2,6.2,0.0657534246575342,0.005,1669.16,0.148531,0.145479
1620,54,7,0.0657534246575342,0.005,1669.16,0.145892,0.143022
1625,49.8,7.9,0.0657534246575342,0.005,1669.16,0.143365,0.141051
1630,45.8,8.8,0.0657534246575342,0.005,1669.16,0.140862,0.138297
1635,41.8,9.7,0.0657534246575342,0.005,1669.16,0.137955,0.135514
1640,38,11,0.0657534246575342,0.005,1669.16,0.135642,0.133651
1645,34.5,12.2,0.0657534246575342,0.005,1669.16,0.133779,0.130885
1650,31.1,13.8,0.0657534246575342,0.005,1669.16,0.131302,0.129138
1655,27.7,15.3,0.0657534246575342,0.005,1669.16,0.12881,0.126705
1660,24.6,17.2,0.0657534246575342,0.005,1669.16,0.126838,0.124774
1665,21.6,19.1,0.0657534246575342,0.005,1669.16,0.124397,0.122357
1670,18.8,21.3,0.0657534246575342,0.005,1669.16,0.122032,0.120597
1675,16.3,23.6,0.0657534246575342,0.005,1669.16,0.120288,0.118238
1680,14,26.2,0.0657534246575342,0.005,1669.16,0.11853,0.116442
1685,11.8,29.2,0.0657534246575342,0.005,1669.16,0.117051,0.115219
1690,9.9,32,0.0657534246575342,0.005,1669.16,0.115212,0.112967
1695,8.3,35.3,0.0657534246575342,0.005,1669.16,0.114722,0.111649
1700,6.9,38.9,0.0657534246575342,0.005,1669.16,0.113635,0.110346
1705,5.7,42.7,0.0657534246575342,0.005,1669.16,0.113102,0.109955
1710,4.7,46.7,0.0657534246575342,0.005,1669.16,0.112484,0.109487
1715,3.9,50.8,0.0657534246575342,0.005,1669.16,0.11285,0.108544
1720,3.2,54.9,0.0657534246575342,0.005,1669.16,0.113049,0.108243
1725,2.6,59.3,0.0657534246575342,0.005,1669.16,0.112875,0.107745
1730,2.15,63.8,0.0657534246575342,0.005,1669.16,0.113719,0.107165
1735,1.65,68.4,0.0657534246575342,0.005,1669.16,0.113862,0.106703
1740,1.45,73.1,0.0657534246575342,0.005,1669.16,0.115384,0.106706
1745,1.15,77.8,0.0657534246575342,0.005,1669.16,0.116068,0.105214
1750,1,82.6,0.0657534246575342,0.005,1669.16,0.117966,0.104656
1755,0.8,87.5,0.0657534246575342,0.005,1669.16,0.119203,0.106195
1760,0.7,92.3,0.0657534246575342,0.005,1669.16,0.121773,0.104605
1765,0.55,97.2,0.0657534246575342,0.005,1669.16,0.123129,0.103567
1770,0.5,102.1,0.0657534246575342,0.005,1669.16,0.125568,0.099962
1775,0.4,107.1,0.0657534246575342,0.005,1669.16,0.127612,0.098007
