K,C,P,T,rf,S,sigmaCall,sigmaPut
1275,416.5,0.2,0.0657534246575342,0.005,1698.06,0.53029,0.456836
1300,391.4,0.3,0.0657534246575342,0.005,1698.06,0.498345,0.444689
1325,366.5,0.35,0.0657534246575342,0.005,1698.06,0.469877,0.423902
1350,341.6,0.35,0.0657534246575342,0.005,1698.06,0.438642,0.401977
1375,316.4,0.45,0.0657534246575342,0.005,1698.06,0.407782,0.384531
1380,311.6,0.5,0.0657534246575342,0.005,1698.06,0.416384,0.382072
1390,301.7,0.55,0.0657534246575342,0.005,1698.06,0.408204,0.376573
1400,291.8,1,0.0657534246575342,0.005,1698.06,0.397669,0.375691
1410,281.9,1.1,0.0657534246575342,0.005,1698.06,0.390914,0.368535
1420,272.5,1.2,0.0657534246575342,0.005,1698.06,0.390482,0.360936
1425,267.1,1.25,0.0657534246575342,0.005,1698.06,0.378953,0.356985
1430,261.9,1.35,0.0657534246575342,0.005,1698.06,0.361853,0.354969
1435,257.5,1.4,0.0657534246575342,0.005,1698.06,0.372628,0.350767
1440,252.8,1.45,0.0657534246575342,0.005,1698.06,0.364572,0.346483
1445,250.3,1.5,0.0657534246575342,0.005,1698.06,0.361198,0.343026
1450,245.4,1.6,0.0657534246575342,0.005,1698.06,0.357672,0.34199
1455,240.5,1.65,0.0657534246575342,0.005,1698.06,0.352587,0.335699
1460,235.6,1.75,0.0657534246575342,0.005,1698.06,0.348834,0.332643
1465,230.7,1.85,0.0657534246575342,0.005,1698.06,0.344949,0.329406
1470,225.8,1.9,0.0657534246575342,0.005,1698.06,0.340939,0.326727
1475,220.9,2,0.0657534246575342,0.005,1698.06,0.33681,0.323133
1480,215.9,2.2,0.0657534246575342,0.005,1698.06,0.330153,0.319391
1485,210.9,2.35,0.0657534246575342,0.005,1698.06,0.323499,0.316151
1490,206,2.5,0.0657534246575342,0.005,1698.06,0.319192,0.312729
1495,201.1,2.55,0.0657534246575342,0.005,1698.06,0.314776,0.308544
1500,196.2,2.75,0.0657534246575342,0.005,1698.06,0.310252,0.305377
1505,191.1,2.8,0.0657534246575342,0.005,1698.06,0.301345,0.301467
1510,186.3,2.95,0.0657534246575342,0.005,1698.06,0.297804,0.297409
1515,181.5,3.2,0.0657534246575342,0.005,1698.06,0.295083,0.295216
1520,176.7,3.2,0.0657534246575342,0.005,1698.06,0.292108,0.289366
1525,171.9,3.4,0.0657534246575342,0.005,1698.06,0.288898,0.286286
1530,167.1,3.6,0.0657534246575342,0.005,1698.06,0.285466,0.282974
1535,162.4,3.7,0.0657534246575342,0.005,1698.06,0.283489,0.27859
1540,157.7,3.9,0.0657534246575342,0.005,1698.06,0.28038,0.274887
1545,153,4.3,0.0657534246575342,0.005,1698.06,0.278533,0.272558
1550,148.3,4.4,0.0657534246575342,0.005,1698.06,0.275604,0.267654
1555,143.7,4.7,0.0657534246575342,0.005,1698.06,0.273087,0.264803
1560,139,5.1,0.0657534246575342,0.005,1698.06,0.269596,0.262352
1565,134.6,5.3,0.0657534246575342,0.005,1698.06,0.267752,0.257588
1570,129.6,5.6,0.0657534246575342,0.005,1698.06,0.261892,0.253945
1575,125.1,5.9,0.0657534246575342,0.005,1698.06,0.257109,0.250666
1580,120.3,6.2,0.0657534246575342,0.005,1698.06,0.251002,0.246514
1585,117,6.6,0.0657534246575342,0.005,1698.06,0.254616,0.243264
1590,112.4,7,0.0657534246575342,0.005,1698.06,0.250625,0.239707
1595,107.8,7.3,0.0657534246575342,0.005,1698.06,0.245875,0.235335
1600,103.3,7.9,0.0657534246575342,0.005,1698.06,0.241384,0.232722
1605,98.8,8.4,0.0657534246575342,0.005,1698.06,0.237573,0.229239
1610,94.3,8.9,0.0657534246575342,0.005,1698.06,0.2339,0.225421
1615,89.9,9.5,0.0657534246575342,0.005,1698.06,0.229895,0.222167
1620,85.5,10.1,0.0657534246575342,0.005,1698.06,0.225984,0.218533
1625,81.2,10.7,0.0657534246575342,0.005,1698.06,0.221728,0.214532
1630,77.1,11.4,0.0657534246575342,0.005,1698.06,0.218696,0.211366
1635,72.9,12.1,0.0657534246575342,0.005,1698.06,0.21485,0.207382
1640,68.5,12.9,0.0657534246575342,0.005,1698.06,0.210235,0.203742
1645,64.4,13.9,0.0657534246575342,0.005,1698.06,0.206311,0.20074
1650,60.4,14.9,0.0657534246575342,0.005,1698.06,0.202638,0.197584
1655,56.5,15.8,0.0657534246575342,0.005,1698.06,0.19916,0.193575
1660,52.5,17,0.0657534246575342,0.005,1698.06,0.194841,0.190391
1665,48.8,18.2,0.0657534246575342,0.005,1698.06,0.191944,0.186965
1670,45,19.4,0.0657534246575342,0.005,1698.06,0.187202,0.18296
1675,41.4,20.8,0.0657534246575342,0.005,1698.06,0.183448,0.179598
1680,37.8,22.2,0.0657534246575342,0.005,1698.06,0.179373,0.175891
1685,34.5,23.9,0.0657534246575342,0.005,1698.06,0.175838,0.172405
1690,31.2,25.5,0.0657534246575342,0.005,1698.06,0.172187,0.168788
1695,28.2,27.4,0.0657534246575342,0.005,1698.06,0.168962,0.165288
1700,25.6,28.6,0.0657534246575342,0.005,1698.06,0.163463,0.160971
1705,22.8,30.2,0.0657534246575342,0.005,1698.06,0.160052,0.15666
1710,20.1,32.4,0.0657534246575342,0.005,1698.06,0.157219,0.15229
1715,17.6,35,0.0657534246575342,0.005,1698.06,0.15312,0.149322
1720,15.2,37.4,0.0657534246575342,0.005,1698.06,0.15013,0.145288
1725,13.1,40.3,0.0657534246575342,0.005,1698.06,0.147336,0.142323
1730,11.2,43.2,0.0657534246575342,0.005,1698.06,0.144401,0.138816
1735,9.4,46.3,0.0657534246575342,0.005,1698.06,0.14129,0.134653
1740,7.9,49.7,0.0657534246575342,0.005,1698.06,0.138726,0.131626
1745,6.5,53.1,0.0657534246575342,0.005,1698.06,0.136432,0.128747
1750,5.3,56.9,0.0657534246575342,0.005,1698.06,0.134069,0.125625
1755,4.3,60.7,0.0657534246575342,0.005,1698.06,0.131677,0.121155
1760,3.5,64.7,0.0657534246575342,0.005,1698.06,0.129882,0.124602
1765,2.8,68.9,0.0657534246575342,0.005,1698.06,0.128407,0.121739
1770,2.2,73.3,0.0657534246575342,0.005,1698.06,0.126471,0.117472
1775,1.75,77.8,0.0657534246575342,0.005,1698.06,0.125667,0.114104
1780,1.35,82.5,0.0657534246575342,0.005,1698.06,0.124393,0.111566
1785,1.1,87.2,0.0657534246575342,0.005,1698.06,0.124278,0.111095
1790,0.85,92,0.0657534246575342,0.005,1698.06,0.123592,0.110916
1795,0.7,96.8,0.0657534246575342,0.005,1698.06,0.125242,0.106677
