K,C,P,T,rf,S,sigmaCall,sigmaPut
1300,393.3,0,0.0986301369863014,0.005,1697.48,0.282166,0.316015
1325,368.4,0,0.0986301369863014,0.005,1697.48,0.280404,0.299995
1350,343.4,0,0.0986301369863014,0.005,1697.48,0.271482,0.28326
1375,318.5,0.05,0.0986301369863014,0.005,1697.48,0.266369,0.269154
1400,293.6,0.1,0.0986301369863014,0.005,1697.48,0.255833,0.251005
1410,283.7,0.15,0.0986301369863014,0.005,1697.48,0.255612,0.247535
1420,273.7,0.2,0.0986301369863014,0.005,1697.48,0.246741,0.243336
1425,268.8,0.2,0.0986301369863014,0.005,1697.48,0.249253,0.241011
1430,263.8,0.25,0.0986301369863014,0.005,1697.48,0.244755,0.238556
1440,253.9,0.3,0.0986301369863014,0.005,1697.48,0.241631,0.234907
1450,243.9,0.4,0.0986301369863014,0.005,1697.48,0.232541,0.23052
1460,234,0.45,0.0986301369863014,0.005,1697.48,0.228438,0.225536
1470,224.1,0.55,0.0986301369863014,0.005,1697.48,0.223653,0.220056
1475,219.2,0.6,0.0986301369863014,0.005,1697.48,0.223003,0.218739
1480,214.2,0.65,0.0986301369863014,0.005,1697.48,0.218305,0.216161
1490,204.3,0.8,0.0986301369863014,0.005,1697.48,0.21417,0.211495
1500,194.5,0.95,0.0986301369863014,0.005,1697.48,0.209286,0.206974
1505,189.5,1,0.0986301369863014,0.005,1697.48,0.205894,0.204445
1510,184.6,1.1,0.0986301369863014,0.005,1697.48,0.203777,0.201759
1515,179.7,1.2,0.0986301369863014,0.005,1697.48,0.201451,0.19958
1520,174.8,1.3,0.0986301369863014,0.005,1697.48,0.198936,0.197196
1525,169.9,1.4,0.0986301369863014,0.005,1697.48,0.196246,0.194624
1530,165.3,1.5,0.0986301369863014,0.005,1697.48,0.194461,0.192426
1535,160.4,1.65,0.0986301369863014,0.005,1697.48,0.193394,0.19001
1540,155.5,1.8,0.0986301369863014,0.005,1697.48,0.188217,0.187879
1545,150.7,1.9,0.0986301369863014,0.005,1697.48,0.186709,0.185052
1550,145.8,2.05,0.0986301369863014,0.005,1697.48,0.184882,0.18249
1555,141,2.25,0.0986301369863014,0.005,1697.48,0.181176,0.18054
1560,136.2,2.45,0.0986301369863014,0.005,1697.48,0.180396,0.178312
1565,131.4,2.6,0.0986301369863014,0.005,1697.48,0.177785,0.17583
1570,126.6,2.85,0.0986301369863014,0.005,1697.48,0.173606,0.173455
1575,121.9,3.1,0.0986301369863014,0.005,1697.48,0.171914,0.170826
1580,117.2,3.4,0.0986301369863014,0.005,1697.48,0.169284,0.168873
1585,112.5,3.6,0.0986301369863014,0.005,1697.48,0.168109,0.166031
1590,107.8,3.9,0.0986301369863014,0.005,1697.48,0.164385,0.1635
1595,103.1,4.3,0.0986301369863014,0.005,1697.48,0.162034,0.16172
1600,98.5,4.6,0.0986301369863014,0.005,1697.48,0.15986,0.159092
1605,94.2,5.1,0.0986301369863014,0.005,1697.48,0.158713,0.157092
1610,89.6,5.5,0.0986301369863014,0.005,1697.48,0.155828,0.154295
1615,85,6,0.0986301369863014,0.005,1697.48,0.153063,0.152026
1620,80.5,6.5,0.0986301369863014,0.005,1697.48,0.150761,0.149785
1625,76.1,7.1,0.0986301369863014,0.005,1697.48,0.148456,0.147536
1630,71.8,7.7,0.0986301369863014,0.005,1697.48,0.146114,0.145246
1635,67.6,8.4,0.0986301369863014,0.005,1697.48,0.144042,0.142886
1640,63.3,9.2,0.0986301369863014,0.005,1697.48,0.141207,0.140107
1645,59.2,10,0.0986301369863014,0.005,1697.48,0.139205,0.137851
1650,55,10.9,0.0986301369863014,0.005,1697.48,0.136421,0.135423
1655,51.1,11.9,0.0986301369863014,0.005,1697.48,0.134326,0.133088
1660,47.2,13,0.0986301369863014,0.005,1697.48,0.131709,0.131068
1665,43.5,14.2,0.0986301369863014,0.005,1697.48,0.12964,0.128761
1670,40,15.5,0.0986301369863014,0.005,1697.48,0.128027,0.126406
1675,36.2,16.9,0.0986301369863014,0.005,1697.48,0.124786,0.123964
1680,32.9,18.4,0.0986301369863014,0.005,1697.48,0.122933,0.121394
1685,29.5,20.1,0.0986301369863014,0.005,1697.48,0.119923,0.119141
1690,26.2,21.9,0.0986301369863014,0.005,1697.48,0.117194,0.117144
1695,23.3,23.7,0.0986301369863014,0.005,1697.48,0.115161,0.114161
1700,20.6,26,0.0986301369863014,0.005,1697.48,0.11306,0.112302
1705,17.9,28.3,0.0986301369863014,0.005,1697.48,0.110609,0.109848
1710,15.4,30.7,0.0986301369863014,0.005,1697.48,0.108248,0.107477
1715,13.3,33.4,0.0986301369863014,0.005,1697.48,0.106451,0.105408
1720,11.2,36.4,0.0986301369863014,0.005,1697.48,0.104197,0.103647
1725,9.3,39.5,0.0986301369863014,0.005,1697.48,0.102241,0.101669
1730,7.8,42.8,0.0986301369863014,0.005,1697.48,0.100632,0.099733
1735,6.4,46.4,0.0986301369863014,0.005,1697.48,0.099141,0.09786
1740,5.2,50.1,0.0986301369863014,0.005,1697.48,0.097494,0.0961
1745,4.1,54.1,0.0986301369863014,0.005,1697.48,0.096085,0.094937
1750,3.3,58.2,0.0986301369863014,0.005,1697.48,0.09508,0.094239
1755,2.6,62.5,0.0986301369863014,0.005,1697.48,0.094265,0.093324
1760,2,66.9,0.0986301369863014,0.005,1697.48,0.093304,0.092233
1765,1.55,71.2,0.0986301369863014,0.005,1697.48,0.093247,0.089684
1770,1.2,75.8,0.0986301369863014,0.005,1697.48,0.092868,0.088263
1775,0.9,80.5,0.0986301369863014,0.005,1697.48,0.092603,0.088111
1780,0.65,85.4,0.0986301369863014,0.005,1697.48,0.092205,0.087962
1785,0.5,90.2,0.0986301369863014,0.005,1697.48,0.093028,0.08806
1790,0.4,95.2,0.0986301369863014,0.005,1697.48,0.093829,0.088818
1795,0.25,100.1,0.0986301369863014,0.005,1697.48,0.093915,0.088804
1800,0.2,105.1,0.0986301369863014,0.005,1697.48,0.09498,0.092474
1810,0.1,114.7,0.0986301369863014,0.005,1697.48,0.097816,0.07134
1820,0,124.6,0.0986301369863014,0.005,1697.48,0.100418,0.088395
1825,0,129.6,0.0986301369863014,0.005,1697.48,0.103747,0.091559
1830,0,134.6,0.0986301369863014,0.005,1697.48,0.10527,0.083849
