K,C,P,T,rf,S,sigmaCall,sigmaPut
1300,537.1,0,0.0958904109589041,0.005,1841.4,0.557859,0.412981
1325,512.1,0,0.0958904109589041,0.005,1841.4,0.540647,0.392103
1350,487.2,0.05,0.0958904109589041,0.005,1841.4,0.508067,0.381238
1375,462.2,0.1,0.0958904109589041,0.005,1841.4,0.477967,0.368376
1400,437.3,0.15,0.0958904109589041,0.005,1841.4,0.462441,0.354133
1430,407.3,0.25,0.0958904109589041,0.005,1841.4,0.42648,0.337245
1440,397.4,0.25,0.0958904109589041,0.005,1841.4,0.422536,0.331244
1450,387.4,0.3,0.0958904109589041,0.005,1841.4,0.412271,0.327253
1455,382.4,0.3,0.0958904109589041,0.005,1841.4,0.402626,0.323019
1460,377.4,0.35,0.0958904109589041,0.005,1841.4,0.409163,0.320837
1465,372.5,0.35,0.0958904109589041,0.005,1841.4,0.398404,0.318551
1470,367.5,0.35,0.0958904109589041,0.005,1841.4,0.388962,0.314304
1475,362.5,0.4,0.0958904109589041,0.005,1841.4,0.391002,0.311913
1480,357.5,0.4,0.0958904109589041,0.005,1841.4,0.385901,0.309434
1485,352.5,0.45,0.0958904109589041,0.005,1841.4,0.380809,0.306873
1490,347.5,0.45,0.0958904109589041,0.005,1841.4,0.373027,0.304236
1495,342.6,0.45,0.0958904109589041,0.005,1841.4,0.369327,0.299957
1500,337.6,0.5,0.0958904109589041,0.005,1841.4,0.3707,0.298752
1505,332.6,0.5,0.0958904109589041,0.005,1841.4,0.365595,0.294455
1510,327.6,0.55,0.0958904109589041,0.005,1841.4,0.356766,0.293016
1515,322.6,0.55,0.0958904109589041,0.005,1841.4,0.355411,0.288702
1520,317.7,0.6,0.0958904109589041,0.005,1841.4,0.34543,0.287052
1525,312.7,0.65,0.0958904109589041,0.005,1841.4,0.340411,0.283993
1530,307.7,0.65,0.0958904109589041,0.005,1841.4,0.337825,0.280885
1535,302.7,0.7,0.0958904109589041,0.005,1841.4,0.332795,0.27773
1540,297.8,0.7,0.0958904109589041,0.005,1841.4,0.328938,0.27453
1545,292.8,0.7,0.0958904109589041,0.005,1841.4,0.32391,0.27017
1550,287.8,0.75,0.0958904109589041,0.005,1841.4,0.318889,0.268005
1555,282.9,0.75,0.0958904109589041,0.005,1841.4,0.333337,0.26363
1560,277.9,0.75,0.0958904109589041,0.005,1841.4,0.328108,0.26132
1565,272.9,0.8,0.0958904109589041,0.005,1841.4,0.323803,0.257922
1570,267.9,0.85,0.0958904109589041,0.005,1841.4,0.305163,0.255435
1575,263,0.9,0.0958904109589041,0.005,1841.4,0.301098,0.251939
1580,258,0.95,0.0958904109589041,0.005,1841.4,0.296024,0.249293
1585,253.1,0.95,0.0958904109589041,0.005,1841.4,0.301157,0.245708
1590,248.1,1,0.0958904109589041,0.005,1841.4,0.289663,0.242916
1595,243.1,1.05,0.0958904109589041,0.005,1841.4,0.283635,0.240041
1600,241,1.05,0.0958904109589041,0.005,1841.4,0.286448,0.234772
1605,236.1,1.15,0.0958904109589041,0.005,1841.4,0.282918,0.234054
1610,231.1,1.2,0.0958904109589041,0.005,1841.4,0.277708,0.230244
1615,226.2,1.25,0.0958904109589041,0.005,1841.4,0.274095,0.227779
1620,221.2,1.3,0.0958904109589041,0.005,1841.4,0.268866,0.224541
1625,216.3,1.35,0.0958904109589041,0.005,1841.4,0.265171,0.221239
1630,211.3,1.4,0.0958904109589041,0.005,1841.4,0.260671,0.217875
1635,206.4,1.5,0.0958904109589041,0.005,1841.4,0.256145,0.21504
1640,201.5,1.55,0.0958904109589041,0.005,1841.4,0.252307,0.21154
1645,196.5,1.6,0.0958904109589041,0.005,1841.4,0.247014,0.20853
1650,191.6,1.65,0.0958904109589041,0.005,1841.4,0.243094,0.204903
1655,186.7,1.75,0.0958904109589041,0.005,1841.4,0.239114,0.201731
1660,181.7,1.8,0.0958904109589041,0.005,1841.4,0.234425,0.198474
1665,176.8,1.9,0.0958904109589041,0.005,1841.4,0.230345,0.195132
1670,171.9,2,0.0958904109589041,0.005,1841.4,0.225586,0.192161
1675,167,2.1,0.0958904109589041,0.005,1841.4,0.221405,0.189077
1680,162.1,2.2,0.0958904109589041,0.005,1841.4,0.217165,0.185884
1685,157.2,2.3,0.0958904109589041,0.005,1841.4,0.212867,0.182588
1690,152.3,2.4,0.0958904109589041,0.005,1841.4,0.209067,0.179191
1695,147.5,2.55,0.0958904109589041,0.005,1841.4,0.205178,0.176428
1700,142.6,2.6,0.0958904109589041,0.005,1841.4,0.200672,0.172462
1705,137.8,2.8,0.0958904109589041,0.005,1841.4,0.19713,0.170111
1710,132.9,2.95,0.0958904109589041,0.005,1841.4,0.192478,0.167236
1715,128.1,3,0.0958904109589041,0.005,1841.4,0.188727,0.162976
1720,123.3,3.3,0.0958904109589041,0.005,1841.4,0.184858,0.16071
1725,118.5,3.4,0.0958904109589041,0.005,1841.4,0.180872,0.157653
1730,113.8,3.7,0.0958904109589041,0.005,1841.4,0.177635,0.154952
1735,109,4,0.0958904109589041,0.005,1841.4,0.173387,0.152539
1740,104.3,4.2,0.0958904109589041,0.005,1841.4,0.169833,0.149399
1745,99.7,4.5,0.0958904109589041,0.005,1841.4,0.166498,0.14652
1750,95,4.9,0.0958904109589041,0.005,1841.4,0.162591,0.143844
1755,90.4,5.2,0.0958904109589041,0.005,1841.4,0.15924,0.140908
1760,85.8,5.6,0.0958904109589041,0.005,1841.4,0.155672,0.138114
1765,81.3,6,0.0958904109589041,0.005,1841.4,0.152559,0.135415
1770,76.9,6.5,0.0958904109589041,0.005,1841.4,0.149505,0.132769
1775,72.5,7.1,0.0958904109589041,0.005,1841.4,0.14617,0.130137
1780,68.1,7.6,0.0958904109589041,0.005,1841.4,0.142855,0.127162
1785,63.8,8.3,0.0958904109589041,0.005,1841.4,0.13953,0.124777
1790,59.4,9,0.0958904109589041,0.005,1841.4,0.135887,0.121986
1795,55.4,9.8,0.0958904109589041,0.005,1841.4,0.133271,0.119643
1800,51.3,10.7,0.0958904109589041,0.005,1841.4,0.130244,0.116844
1805,47.3,11.7,0.0958904109589041,0.005,1841.4,0.127312,0.114375
1810,43.4,12.7,0.0958904109589041,0.005,1841.4,0.124182,0.111651
1815,39.7,13.9,0.0958904109589041,0.005,1841.4,0.121544,0.109376
1820,36,15.2,0.0958904109589041,0.005,1841.4,0.118616,0.106987
1825,32.5,16.6,0.0958904109589041,0.005,1841.4,0.116059,0.104442
1830,29.2,18.2,0.0958904109589041,0.005,1841.4,0.113355,0.102147
1835,26,20,0.0958904109589041,0.005,1841.4,0.11091,0.099588
1840,23,21.9,0.0958904109589041,0.005,1841.4,0.108446,0.097161
1845,20.2,24,0.0958904109589041,0.005,1841.4,0.106367,0.094806
1850,17.8,26.3,0.0958904109589041,0.005,1841.4,0.104641,0.092471
1855,15.4,28.8,0.0958904109589041,0.005,1841.4,0.102559,0.090105
1860,13.2,31.5,0.0958904109589041,0.005,1841.4,0.100784,0.087659
1865,11.2,34.6,0.0958904109589041,0.005,1841.4,0.098833,0.085851
1870,9.5,37.7,0.0958904109589041,0.005,1841.4,0.09745,0.083133
1875,7.9,41.2,0.0958904109589041,0.005,1841.4,0.095909,0.081378
1880,6.6,44.8,0.0958904109589041,0.005,1841.4,0.09509,0.078217
1885,5.4,48.6,0.0958904109589041,0.005,1841.4,0.093922,0.075434
1890,4.5,52.6,0.0958904109589041,0.005,1841.4,0.093425,0.072387
1895,3.6,56.8,0.0958904109589041,0.005,1841.4,0.092719,0.069072
1900,3,61.1,0.0958904109589041,0.005,1841.4,0.09182,0.063835
1905,2.55,65.6,0.0958904109589041,0.005,1841.4,0.093203,0.052314
