K,C,P,T,rf,S,sigmaCall,sigmaPut
1300,390.9,0,0.0821917808219178,0.005,1692.77,0.459191,0.344293
1325,366,0,0.0821917808219178,0.005,1692.77,0.432279,0.326639
1350,341,0.05,0.0821917808219178,0.005,1692.77,0.40547,0.312207
1375,316.1,0.1,0.0821917808219178,0.005,1692.77,0.378741,0.298875
1400,291.2,0.2,0.0821917808219178,0.005,1692.77,0.353803,0.283059
1410,281.2,0.25,0.0821917808219178,0.005,1692.77,0.344083,0.277926
1420,271.3,0.3,0.0821917808219178,0.005,1692.77,0.334294,0.272256
1425,266.3,0.35,0.0821917808219178,0.005,1692.77,0.330147,0.271015
1430,261.4,0.4,0.0821917808219178,0.005,1692.77,0.325945,0.269458
1440,251.4,0.45,0.0821917808219178,0.005,1692.77,0.315956,0.262669
1450,241.5,0.5,0.0821917808219178,0.005,1692.77,0.307269,0.255577
1460,231.6,0.55,0.0821917808219178,0.005,1692.77,0.297087,0.249463
1465,226.6,0.6,0.0821917808219178,0.005,1692.77,0.292608,0.246821
1470,221.7,0.65,0.0821917808219178,0.005,1692.77,0.288081,0.244016
1475,216.7,0.7,0.0821917808219178,0.005,1692.77,0.283507,0.241063
1480,211.8,0.75,0.0821917808219178,0.005,1692.77,0.278888,0.237972
1485,206.8,0.85,0.0821917808219178,0.005,1692.77,0.274222,0.235697
1490,201.9,0.9,0.0821917808219178,0.005,1692.77,0.270616,0.232316
1495,196.9,0.95,0.0821917808219178,0.005,1692.77,0.264755,0.227966
1500,192,1,0.0821917808219178,0.005,1692.77,0.261003,0.225234
1505,187.1,1.1,0.0821917808219178,0.005,1692.77,0.257141,0.222323
1510,182.1,1.15,0.0821917808219178,0.005,1692.77,0.251215,0.219247
1515,177.2,1.25,0.0821917808219178,0.005,1692.77,0.247214,0.216712
1520,172.3,1.35,0.0821917808219178,0.005,1692.77,0.243112,0.213962
1525,167.4,1.45,0.0821917808219178,0.005,1692.77,0.237114,0.208498
1530,162.5,1.6,0.0821917808219178,0.005,1692.77,0.233748,0.208468
1535,157.6,1.7,0.0821917808219178,0.005,1692.77,0.229384,0.205139
1540,152.8,1.85,0.0821917808219178,0.005,1692.77,0.225733,0.202699
1545,147.9,1.95,0.0821917808219178,0.005,1692.77,0.221156,0.19951
1550,143.1,2.1,0.0821917808219178,0.005,1692.77,0.217239,0.196604
1555,138.2,2.3,0.0821917808219178,0.005,1692.77,0.21318,0.193918
1560,133.4,2.5,0.0821917808219178,0.005,1692.77,0.209672,0.191393
1565,128.6,2.65,0.0821917808219178,0.005,1692.77,0.205975,0.1882
1570,123.8,2.9,0.0821917808219178,0.005,1692.77,0.202097,0.18553
1575,119.1,3.1,0.0821917808219178,0.005,1692.77,0.199251,0.182929
1580,114.4,3.3,0.0821917808219178,0.005,1692.77,0.195557,0.180029
1585,109.6,3.6,0.0821917808219178,0.005,1692.77,0.191654,0.177473
1590,104.8,4,0.0821917808219178,0.005,1692.77,0.187548,0.174592
1595,100.2,4.3,0.0821917808219178,0.005,1692.77,0.184761,0.171963
1600,95.6,4.7,0.0821917808219178,0.005,1692.77,0.181171,0.168466
1605,91,5.1,0.0821917808219178,0.005,1692.77,0.178235,0.166693
1610,86.8,5.6,0.0821917808219178,0.005,1692.77,0.176273,0.164456
1615,82.2,6.1,0.0821917808219178,0.005,1692.77,0.172622,0.161349
1620,77.9,6.6,0.0821917808219178,0.005,1692.77,0.170259,0.15873
1625,73.5,7.2,0.0821917808219178,0.005,1692.77,0.167082,0.156089
1630,69.1,7.9,0.0821917808219178,0.005,1692.77,0.163522,0.153772
1635,64.8,8.6,0.0821917808219178,0.005,1692.77,0.160291,0.150965
1640,60.5,9.4,0.0821917808219178,0.005,1692.77,0.156974,0.148385
1645,56.5,10.2,0.0821917808219178,0.005,1692.77,0.154516,0.145626
1650,52.5,11.2,0.0821917808219178,0.005,1692.77,0.15153,0.142982
1655,48.5,12.2,0.0821917808219178,0.005,1692.77,0.148631,0.140392
1660,44.7,13.4,0.0821917808219178,0.005,1692.77,0.145767,0.138097
1665,40.9,14.6,0.0821917808219178,0.005,1692.77,0.142886,0.135159
1670,37.3,16,0.0821917808219178,0.005,1692.77,0.139941,0.132695
1675,33.8,17.5,0.0821917808219178,0.005,1692.77,0.137158,0.130344
1680,30.7,19.1,0.0821917808219178,0.005,1692.77,0.135011,0.127512
1685,27.5,20.9,0.0821917808219178,0.005,1692.77,0.13237,0.124959
1690,24.4,22.8,0.0821917808219178,0.005,1692.77,0.129464,0.122095
1695,21.4,24.8,0.0821917808219178,0.005,1692.77,0.126506,0.119127
1700,18.7,27.1,0.0821917808219178,0.005,1692.77,0.123975,0.116528
1705,16.2,29.5,0.0821917808219178,0.005,1692.77,0.121296,0.113713
1710,13.9,32.2,0.0821917808219178,0.005,1692.77,0.118975,0.111178
1715,11.8,35.1,0.0821917808219178,0.005,1692.77,0.116726,0.109205
1720,9.9,38.2,0.0821917808219178,0.005,1692.77,0.114537,0.105698
1725,8.3,41.4,0.0821917808219178,0.005,1692.77,0.112734,0.102981
1730,6.8,45,0.0821917808219178,0.005,1692.77,0.110722,0.100519
1735,5.5,48.7,0.0821917808219178,0.005,1692.77,0.108855,0.097614
1740,4.4,52.6,0.0821917808219178,0.005,1692.77,0.107228,0.094613
1745,3.5,56.7,0.0821917808219178,0.005,1692.77,0.106006,0.091579
1750,2.8,60.9,0.0821917808219178,0.005,1692.77,0.104938,0.088696
1755,2.2,65.3,0.0821917808219178,0.005,1692.77,0.104229,0.086415
1760,1.75,69.8,0.0821917808219178,0.005,1692.77,0.103868,0.07861
1765,1.35,74.4,0.0821917808219178,0.005,1692.77,0.103424,0.066208
