K,C,P,T,rf,S,sigmaCall,sigmaPut
1275,374.6,0,0.0849315068493151,0.005,1652.32,0.407373,0.33375
1300,349.6,0,0.0849315068493151,0.005,1652.32,0.379964,0.315829
1325,324.7,0.05,0.0849315068493151,0.005,1652.32,0.358895,0.30103
1350,299.8,0.1,0.0849315068493151,0.005,1652.32,0.337103,0.284335
1360,289.8,0.1,0.0849315068493151,0.005,1652.32,0.326258,0.277815
1370,279.8,0.15,0.0849315068493151,0.005,1652.32,0.31546,0.27102
1375,274.9,0.15,0.0849315068493151,0.005,1652.32,0.314686,0.260979
1380,269.9,0.2,0.0849315068493151,0.005,1652.32,0.309256,0.266275
1390,259.9,0.25,0.0849315068493151,0.005,1652.32,0.300546,0.262848
1400,250,0.3,0.0849315068493151,0.005,1652.32,0.291704,0.254983
1410,240,0.35,0.0849315068493151,0.005,1652.32,0.282738,0.250234
1415,235.1,0.35,0.0849315068493151,0.005,1652.32,0.279117,0.24531
1420,230.1,0.4,0.0849315068493151,0.005,1652.32,0.275409,0.2419
1425,225.2,0.45,0.0849315068493151,0.005,1652.32,0.271618,0.239806
1430,220.2,0.5,0.0849315068493151,0.005,1652.32,0.267747,0.237484
1435,215.3,0.55,0.0849315068493151,0.005,1652.32,0.2638,0.234958
1440,210.3,0.55,0.0849315068493151,0.005,1652.32,0.259779,0.232248
1445,205.4,0.65,0.0849315068493151,0.005,1652.32,0.255687,0.229371
1450,200.4,0.65,0.0849315068493151,0.005,1652.32,0.251527,0.226342
1455,195.5,0.7,0.0849315068493151,0.005,1652.32,0.248647,0.223172
1460,190.5,0.8,0.0849315068493151,0.005,1652.32,0.243008,0.220788
1465,185.6,0.85,0.0849315068493151,0.005,1652.32,0.239915,0.218183
1470,180.7,0.95,0.0849315068493151,0.005,1652.32,0.23666,0.216178
1475,175.8,1.05,0.0849315068493151,0.005,1652.32,0.233255,0.211621
1480,170.9,1.1,0.0849315068493151,0.005,1652.32,0.229707,0.208504
1485,166,1.25,0.0849315068493151,0.005,1652.32,0.226024,0.206598
1490,161.1,1.35,0.0849315068493151,0.005,1652.32,0.222212,0.203746
1495,156.2,1.45,0.0849315068493151,0.005,1652.32,0.218277,0.201295
1500,151.3,1.65,0.0849315068493151,0.005,1652.32,0.215143,0.199707
1505,146.5,1.75,0.0849315068493151,0.005,1652.32,0.211815,0.196184
1510,141.6,1.9,0.0849315068493151,0.005,1652.32,0.208305,0.193998
1515,136.8,2.05,0.0849315068493151,0.005,1652.32,0.204621,0.191042
1520,132,2.25,0.0849315068493151,0.005,1652.32,0.20153,0.188733
1525,127.2,2.45,0.0849315068493151,0.005,1652.32,0.198211,0.186523
1530,122.4,2.65,0.0849315068493151,0.005,1652.32,0.195362,0.183983
1535,117.7,2.95,0.0849315068493151,0.005,1652.32,0.192243,0.181502
1540,113,3.1,0.0849315068493151,0.005,1652.32,0.187007,0.178364
1545,108.3,3.4,0.0849315068493151,0.005,1652.32,0.186433,0.17593
1550,103.6,3.8,0.0849315068493151,0.005,1652.32,0.181983,0.174351
1555,99,4.2,0.0849315068493151,0.005,1652.32,0.180551,0.172314
1560,94.4,4.6,0.0849315068493151,0.005,1652.32,0.17564,0.169862
1565,89.9,5,0.0849315068493151,0.005,1652.32,0.17394,0.167028
1570,85.4,5.6,0.0849315068493151,0.005,1652.32,0.171317,0.165255
1575,81,6,0.0849315068493151,0.005,1652.32,0.167874,0.162553
1580,76.6,6.6,0.0849315068493151,0.005,1652.32,0.164511,0.160294
1585,72.3,7.3,0.0849315068493151,0.005,1652.32,0.163927,0.158371
1590,68,8,0.0849315068493151,0.005,1652.32,0.161224,0.156315
1595,63.9,8.9,0.0849315068493151,0.005,1652.32,0.158424,0.154463
1600,59.8,9.8,0.0849315068493151,0.005,1652.32,0.156861,0.152056
1605,55.8,10.6,0.0849315068493151,0.005,1652.32,0.154385,0.149783
1610,51.8,11.7,0.0849315068493151,0.005,1652.32,0.151688,0.147583
1615,48,12.8,0.0849315068493151,0.005,1652.32,0.148446,0.145405
1620,44.3,14.1,0.0849315068493151,0.005,1652.32,0.147313,0.143495
1625,40.7,15.4,0.0849315068493151,0.005,1652.32,0.144344,0.140925
1630,37.2,16.9,0.0849315068493151,0.005,1652.32,0.141871,0.138821
1635,33.8,18.5,0.0849315068493151,0.005,1652.32,0.139812,0.136829
1640,30.6,20.3,0.0849315068493151,0.005,1652.32,0.137295,0.134902
1645,27.5,22,0.0849315068493151,0.005,1652.32,0.135093,0.132197
1650,24.5,24.2,0.0849315068493151,0.005,1652.32,0.133155,0.130808
1655,21.8,26.1,0.0849315068493151,0.005,1652.32,0.13118,0.127504
1660,19.2,28.6,0.0849315068493151,0.005,1652.32,0.128598,0.125965
1665,16.8,31.2,0.0849315068493151,0.005,1652.32,0.126713,0.124041
1670,14.6,33.7,0.0849315068493151,0.005,1652.32,0.124981,0.120847
1675,12.5,36.8,0.0849315068493151,0.005,1652.32,0.122826,0.119422
1680,10.7,39.7,0.0849315068493151,0.005,1652.32,0.12079,0.116629
1685,9,43,0.0849315068493151,0.005,1652.32,0.119206,0.114818
1690,7.6,46.5,0.0849315068493151,0.005,1652.32,0.117495,0.112812
1695,6.3,50.2,0.0849315068493151,0.005,1652.32,0.116024,0.110971
1700,5.2,54,0.0849315068493151,0.005,1652.32,0.114905,0.108981
1705,4.2,57.9,0.0849315068493151,0.005,1652.32,0.113441,0.106867
1710,3.4,62,0.0849315068493151,0.005,1652.32,0.112089,0.104682
1715,2.8,66.4,0.0849315068493151,0.005,1652.32,0.112084,0.103149
1720,2.2,70.8,0.0849315068493151,0.005,1652.32,0.111038,0.101374
1725,1.8,75.3,0.0849315068493151,0.005,1652.32,0.111415,0.098549
1730,1.4,80,0.0849315068493151,0.005,1652.32,0.111243,0.097535
1740,0.95,89.4,0.0849315068493151,0.005,1652.32,0.112917,0.090396
1750,0.65,99.1,0.0849315068493151,0.005,1652.32,0.115621,0.072845
