K,C,P,T,rf,S,sigmaCall,sigmaPut
1275,376.2,0.35,0.0821917808219178,0.005,1656.4,0.459522,0.394496
1300,351.4,0.55,0.0821917808219178,0.005,1656.4,0.438065,0.385964
1325,326.6,0.75,0.0821917808219178,0.005,1656.4,0.41557,0.37125
1350,301.9,1,0.0821917808219178,0.005,1656.4,0.395357,0.357397
1375,277.3,1.3,0.0821917808219178,0.005,1656.4,0.374996,0.342341
1380,272.4,1.4,0.0821917808219178,0.005,1656.4,0.37151,0.340195
1390,262.6,1.55,0.0821917808219178,0.005,1656.4,0.364217,0.332051
1400,252.8,1.75,0.0821917808219178,0.005,1656.4,0.356526,0.327461
1410,243,1.95,0.0821917808219178,0.005,1656.4,0.348468,0.322091
1420,233.2,2.2,0.0821917808219178,0.005,1656.4,0.341096,0.316051
1425,228.4,2.25,0.0821917808219178,0.005,1656.4,0.337738,0.312504
1430,223.5,2.4,0.0821917808219178,0.005,1656.4,0.334243,0.309423
1435,218.7,2.5,0.0821917808219178,0.005,1656.4,0.330618,0.305629
1440,213.8,2.7,0.0821917808219178,0.005,1656.4,0.326869,0.303881
1445,209,2.85,0.0821917808219178,0.005,1656.4,0.322999,0.301349
1450,204.2,3,0.0821917808219178,0.005,1656.4,0.319851,0.298609
1455,200,3.2,0.0821917808219178,0.005,1656.4,0.321292,0.296142
1460,195.2,3.3,0.0821917808219178,0.005,1656.4,0.317663,0.292559
1465,190.4,3.5,0.0821917808219178,0.005,1656.4,0.313893,0.289704
1470,185.6,3.7,0.0821917808219178,0.005,1656.4,0.309987,0.286652
1475,180.9,4,0.0821917808219178,0.005,1656.4,0.306635,0.28421
1480,176.1,4.2,0.0821917808219178,0.005,1656.4,0.303114,0.281529
1485,171.4,4.4,0.0821917808219178,0.005,1656.4,0.299428,0.277898
1490,166.6,4.7,0.0821917808219178,0.005,1656.4,0.295585,0.275515
1495,161.9,5,0.0821917808219178,0.005,1656.4,0.292191,0.272877
1500,156.8,5.3,0.0821917808219178,0.005,1656.4,0.285686,0.269999
1505,152.8,5.6,0.0821917808219178,0.005,1656.4,0.286535,0.266894
1510,147.9,5.9,0.0821917808219178,0.005,1656.4,0.282011,0.264171
1515,143.3,6.3,0.0821917808219178,0.005,1656.4,0.278406,0.261768
1520,140.7,6.7,0.0821917808219178,0.005,1656.4,0.272563,0.258538
1525,136.2,7.1,0.0821917808219178,0.005,1656.4,0.270127,0.25614
1530,131.7,7.5,0.0821917808219178,0.005,1656.4,0.26693,0.252943
1535,127.1,8,0.0821917808219178,0.005,1656.4,0.263494,0.250484
1540,122.5,8.5,0.0821917808219178,0.005,1656.4,0.259378,0.247724
1545,118.1,9,0.0821917808219178,0.005,1656.4,0.25637,0.244678
1550,113.7,9.5,0.0821917808219178,0.005,1656.4,0.253929,0.241796
1555,109.2,10.1,0.0821917808219178,0.005,1656.4,0.249545,0.237775
1560,104.8,10.7,0.0821917808219178,0.005,1656.4,0.246139,0.234753
1565,100.5,11.4,0.0821917808219178,0.005,1656.4,0.243224,0.23222
1570,96.2,12.2,0.0821917808219178,0.005,1656.4,0.239997,0.229725
1575,92,13,0.0821917808219178,0.005,1656.4,0.236825,0.227242
1580,87.8,13.7,0.0821917808219178,0.005,1656.4,0.233686,0.224036
1585,83.7,14.6,0.0821917808219178,0.005,1656.4,0.230897,0.221536
1590,79.6,15.5,0.0821917808219178,0.005,1656.4,0.227414,0.218313
1595,76.3,16.4,0.0821917808219178,0.005,1656.4,0.225853,0.215714
1600,72.3,17.4,0.0821917808219178,0.005,1656.4,0.222589,0.21239
1605,68.4,18.5,0.0821917808219178,0.005,1656.4,0.219256,0.209927
1610,64.5,19.6,0.0821917808219178,0.005,1656.4,0.216439,0.206722
1615,61.1,20.8,0.0821917808219178,0.005,1656.4,0.214374,0.203985
1620,57,22.1,0.0821917808219178,0.005,1656.4,0.209532,0.201082
1625,53.4,23.5,0.0821917808219178,0.005,1656.4,0.206576,0.197994
1630,50.2,24.9,0.0821917808219178,0.005,1656.4,0.20455,0.194987
1635,46.6,26.5,0.0821917808219178,0.005,1656.4,0.200906,0.192027
1640,43.4,28.1,0.0821917808219178,0.005,1656.4,0.197862,0.188812
1645,40.1,29.8,0.0821917808219178,0.005,1656.4,0.194561,0.185591
1650,36.8,31.6,0.0821917808219178,0.005,1656.4,0.190981,0.182334
1655,33.6,33.5,0.0821917808219178,0.005,1656.4,0.187363,0.179279
1660,30.9,35.6,0.0821917808219178,0.005,1656.4,0.183945,0.176125
1665,28,37.3,0.0821917808219178,0.005,1656.4,0.180425,0.171759
1670,25.3,39.7,0.0821917808219178,0.005,1656.4,0.177316,0.169121
1675,22.8,42.1,0.0821917808219178,0.005,1656.4,0.174326,0.165744
1680,20.3,44.6,0.0821917808219178,0.005,1656.4,0.171154,0.162412
1685,18.1,47.3,0.0821917808219178,0.005,1656.4,0.16834,0.159096
1690,16,50.1,0.0821917808219178,0.005,1656.4,0.165597,0.15577
1695,14,53.1,0.0821917808219178,0.005,1656.4,0.16261,0.152722
1700,12.2,56.2,0.0821917808219178,0.005,1656.4,0.159659,0.149317
1705,10.6,59.5,0.0821917808219178,0.005,1656.4,0.15741,0.14583
1710,9.1,62.9,0.0821917808219178,0.005,1656.4,0.15492,0.142235
1715,7.8,66.5,0.0821917808219178,0.005,1656.4,0.152533,0.138507
1720,6.6,70.3,0.0821917808219178,0.005,1656.4,0.149889,0.136405
1725,5.5,74.2,0.0821917808219178,0.005,1656.4,0.147394,0.133051
1730,4.6,78.3,0.0821917808219178,0.005,1656.4,0.145614,0.129147
1735,3.7,81.7,0.0821917808219178,0.005,1656.4,0.14271,0.129648
1740,3,85.4,0.0821917808219178,0.005,1656.4,0.140736,0.120472
1745,2.5,89.9,0.0821917808219178,0.005,1656.4,0.139147,0.116709
1750,2.05,94.4,0.0821917808219178,0.005,1656.4,0.137835,0.109933
1755,1.6,98.9,0.0821917808219178,0.005,1656.4,0.136183,0.097724
1760,1.25,103.5,0.0821917808219178,0.005,1656.4,0.134671,0.072684
