K,C,P,T,rf,S,sigmaCall,sigmaPut
1175,373.3,0,0.0767123287671233,0.005,1551.18,0.406586,0.35268
1200,348.3,0,0.0767123287671233,0.005,1551.18,0.377977,0.336954
1225,323.3,0,0.0767123287671233,0.005,1551.18,0.356472,0.318991
1250,298.4,0.05,0.0767123287671233,0.005,1551.18,0.334074,0.299548
1270,278.7,0.1,0.0767123287671233,0.005,1551.18,0.329259,0.292237
1275,273.5,0.1,0.0767123287671233,0.005,1551.18,0.315413,0.290572
1280,268.8,0.15,0.0767123287671233,0.005,1551.18,0.321338,0.288576
1290,258.8,0.2,0.0767123287671233,0.005,1551.18,0.313097,0.283774
1300,248.8,0.2,0.0767123287671233,0.005,1551.18,0.301461,0.273119
1310,238.6,0.25,0.0767123287671233,0.005,1551.18,0.286704,0.267335
1320,228.7,0.3,0.0767123287671233,0.005,1551.18,0.278334,0.26087
1325,224,0.35,0.0767123287671233,0.005,1551.18,0.283427,0.259319
1330,219,0.35,0.0767123287671233,0.005,1551.18,0.277516,0.253844
1340,209,0.4,0.0767123287671233,0.005,1551.18,0.268064,0.246342
1345,204,0.45,0.0767123287671233,0.005,1551.18,0.26214,0.242432
1350,198.9,0.5,0.0767123287671233,0.005,1551.18,0.253957,0.239911
1355,193.9,0.5,0.0767123287671233,0.005,1551.18,0.250316,0.235749
1360,189.2,0.55,0.0767123287671233,0.005,1551.18,0.250572,0.232828
1365,184,0.6,0.0767123287671233,0.005,1551.18,0.240597,0.228449
1370,179,0.65,0.0767123287671233,0.005,1551.18,0.236647,0.225189
1375,174.1,0.65,0.0767123287671233,0.005,1551.18,0.23257,0.220622
1380,169.3,0.7,0.0767123287671233,0.005,1551.18,0.231832,0.217066
1385,164.4,0.75,0.0767123287671233,0.005,1551.18,0.227375,0.21233
1390,159.2,0.8,0.0767123287671233,0.005,1551.18,0.21965,0.208512
1395,154.4,0.85,0.0767123287671233,0.005,1551.18,0.216665,0.204547
1400,149.3,0.95,0.0767123287671233,0.005,1551.18,0.21051,0.202164
1405,144.4,1,0.0767123287671233,0.005,1551.18,0.207203,0.197845
1410,139.7,1.05,0.0767123287671233,0.005,1551.18,0.204963,0.193408
1415,134.5,1.15,0.0767123287671233,0.005,1551.18,0.197376,0.190305
1420,129.8,1.2,0.0767123287671233,0.005,1551.18,0.195939,0.185579
1425,124.7,1.3,0.0767123287671233,0.005,1551.18,0.189528,0.182042
1430,120.1,1.4,0.0767123287671233,0.005,1551.18,0.188503,0.178866
1435,114.9,1.55,0.0767123287671233,0.005,1551.18,0.180914,0.175396
1440,110.1,1.65,0.0767123287671233,0.005,1551.18,0.177316,0.171655
1445,105.2,1.8,0.0767123287671233,0.005,1551.18,0.173445,0.168154
1450,100.7,1.95,0.0767123287671233,0.005,1551.18,0.171853,0.164358
1455,95.6,2.15,0.0767123287671233,0.005,1551.18,0.165756,0.160716
1460,90.8,2.35,0.0767123287671233,0.005,1551.18,0.16187,0.157163
1465,86.1,2.6,0.0767123287671233,0.005,1551.18,0.158388,0.154014
1470,81.7,2.9,0.0767123287671233,0.005,1551.18,0.157147,0.151139
1475,76.9,3.2,0.0767123287671233,0.005,1551.18,0.152792,0.147791
1480,72.2,3.5,0.0767123287671233,0.005,1551.18,0.148692,0.144603
1485,67.4,3.9,0.0767123287671233,0.005,1551.18,0.144217,0.140933
1490,63,4.3,0.0767123287671233,0.005,1551.18,0.141411,0.137849
1495,58.6,4.8,0.0767123287671233,0.005,1551.18,0.138957,0.13469
1500,54.1,5.3,0.0767123287671233,0.005,1551.18,0.134952,0.131398
1505,49.6,6,0.0767123287671233,0.005,1551.18,0.131259,0.128346
1510,45.6,6.7,0.0767123287671233,0.005,1551.18,0.128928,0.12541
1515,41.3,7.6,0.0767123287671233,0.005,1551.18,0.125056,0.122857
1520,37.3,8.5,0.0767123287671233,0.005,1551.18,0.122257,0.11947
1525,33.4,9.6,0.0767123287671233,0.005,1551.18,0.118941,0.116965
1530,29.7,10.9,0.0767123287671233,0.005,1551.18,0.116366,0.114153
1535,26.2,12.3,0.0767123287671233,0.005,1551.18,0.113414,0.111282
1540,22.8,13.8,0.0767123287671233,0.005,1551.18,0.110017,0.108249
1545,19.8,15.6,0.0767123287671233,0.005,1551.18,0.107585,0.105552
1550,16.7,17.6,0.0767123287671233,0.005,1551.18,0.104492,0.102772
1555,14.1,19.8,0.0767123287671233,0.005,1551.18,0.102434,0.100104
1560,11.6,22.3,0.0767123287671233,0.005,1551.18,0.099839,0.097766
1565,9.4,25,0.0767123287671233,0.005,1551.18,0.097232,0.095077
1570,7.5,28.1,0.0767123287671233,0.005,1551.18,0.095232,0.092948
1575,5.8,31.4,0.0767123287671233,0.005,1551.18,0.092859,0.090754
1580,4.5,35,0.0767123287671233,0.005,1551.18,0.091662,0.088928
1585,3.4,38.9,0.0767123287671233,0.005,1551.18,0.09035,0.087256
1590,2.65,43,0.0767123287671233,0.005,1551.18,0.089578,0.085457
1595,1.9,47.3,0.0767123287671233,0.005,1551.18,0.088642,0.084407
1600,1.45,51.8,0.0767123287671233,0.005,1551.18,0.08885,0.083398
1605,1.1,56.5,0.0767123287671233,0.005,1551.18,0.089944,0.085867
1610,0.8,61.2,0.0767123287671233,0.005,1551.18,0.090246,0.082808
1615,0.55,65.7,0.0767123287671233,0.005,1551.18,0.090775,0.076477
1620,0.4,70.6,0.0767123287671233,0.005,1551.18,0.091312,0.078802
1625,0.3,75.4,0.0767123287671233,0.005,1551.18,0.093115,0.07209
1630,0.25,80.4,0.0767123287671233,0.005,1551.18,0.095147,0.067622
