K,C,P,T,rf,S,sigmaCall,sigmaPut
1275,398.1,0.3,0.0876712328767123,0.005,1676.12,0.468318,0.3939
1300,373.3,0.45,0.0876712328767123,0.005,1676.12,0.445147,0.381343
1325,348.5,0.65,0.0876712328767123,0.005,1676.12,0.423244,0.367565
1350,323.7,0.85,0.0876712328767123,0.005,1676.12,0.402113,0.353847
1375,299,1.15,0.0876712328767123,0.005,1676.12,0.38133,0.341563
1380,294.1,1.25,0.0876712328767123,0.005,1676.12,0.378078,0.339056
1390,284.3,1.4,0.0876712328767123,0.005,1676.12,0.370029,0.333597
1400,274.4,1.6,0.0876712328767123,0.005,1676.12,0.361733,0.328415
1410,264.6,1.75,0.0876712328767123,0.005,1676.12,0.354322,0.32265
1420,254.8,1.95,0.0876712328767123,0.005,1676.12,0.346574,0.317054
1425,250,2.05,0.0876712328767123,0.005,1676.12,0.343597,0.314045
1430,245.1,2.2,0.0876712328767123,0.005,1676.12,0.339501,0.311531
1435,240.2,2.25,0.0876712328767123,0.005,1676.12,0.335333,0.308846
1440,235.3,2.4,0.0876712328767123,0.005,1676.12,0.332023,0.306001
1445,230.5,2.55,0.0876712328767123,0.005,1676.12,0.328591,0.303556
1450,225.6,2.65,0.0876712328767123,0.005,1676.12,0.325042,0.300927
1455,220.8,2.8,0.0876712328767123,0.005,1676.12,0.32138,0.29762
1460,215.9,2.95,0.0876712328767123,0.005,1676.12,0.319234,0.295161
1465,211.1,3.1,0.0876712328767123,0.005,1676.12,0.316094,0.292511
1470,206.3,3.2,0.0876712328767123,0.005,1676.12,0.31205,0.288336
1475,201.5,3.4,0.0876712328767123,0.005,1676.12,0.308647,0.284956
1480,196.7,3.6,0.0876712328767123,0.005,1676.12,0.30368,0.283112
1485,191.9,3.8,0.0876712328767123,0.005,1676.12,0.300054,0.280216
1490,187.1,4,0.0876712328767123,0.005,1676.12,0.296298,0.277146
1495,182.3,4.3,0.0876712328767123,0.005,1676.12,0.293071,0.274647
1500,177.6,4.5,0.0876712328767123,0.005,1676.12,0.289682,0.271934
1505,172.8,4.8,0.0876712328767123,0.005,1676.12,0.286138,0.269021
1510,168.1,5,0.0876712328767123,0.005,1676.12,0.282444,0.265919
1515,163.4,5.4,0.0876712328767123,0.005,1676.12,0.279178,0.264512
1520,158.7,5.6,0.0876712328767123,0.005,1676.12,0.275736,0.260992
1525,154,5.9,0.0876712328767123,0.005,1676.12,0.272659,0.257889
1530,149.4,6.2,0.0876712328767123,0.005,1676.12,0.269384,0.25459
1535,144.8,6.6,0.0876712328767123,0.005,1676.12,0.266418,0.252179
1540,140.1,7,0.0876712328767123,0.005,1676.12,0.262753,0.249509
1545,135.5,7.4,0.0876712328767123,0.005,1676.12,0.259379,0.246595
1550,131.7,7.8,0.0876712328767123,0.005,1676.12,0.256708,0.243448
1555,127.1,8.5,0.0876712328767123,0.005,1676.12,0.253346,0.24192
1560,122.7,8.9,0.0876712328767123,0.005,1676.12,0.250616,0.238718
1565,118.1,9.4,0.0876712328767123,0.005,1676.12,0.246804,0.235709
1570,113.6,10,0.0876712328767123,0.005,1676.12,0.243185,0.233271
1575,109.2,10.6,0.0876712328767123,0.005,1676.12,0.240887,0.230134
1580,104.8,11.2,0.0876712328767123,0.005,1676.12,0.236783,0.227119
1585,100.4,11.9,0.0876712328767123,0.005,1676.12,0.233555,0.22457
1590,96.1,12.5,0.0876712328767123,0.005,1676.12,0.2297,0.221341
1595,92.6,13.2,0.0876712328767123,0.005,1676.12,0.227998,0.218525
1600,88.4,14,0.0876712328767123,0.005,1676.12,0.224918,0.215387
1605,84.4,14.8,0.0876712328767123,0.005,1676.12,0.222819,0.211934
1610,80.3,15.7,0.0876712328767123,0.005,1676.12,0.218773,0.209454
1615,76.2,16.6,0.0876712328767123,0.005,1676.12,0.215975,0.206287
1620,72.2,17.6,0.0876712328767123,0.005,1676.12,0.212217,0.203375
1625,68.3,18.6,0.0876712328767123,0.005,1676.12,0.209007,0.20038
1630,64.4,19.7,0.0876712328767123,0.005,1676.12,0.205714,0.197283
1635,60.6,20.9,0.0876712328767123,0.005,1676.12,0.2026,0.19435
1640,56.3,22.2,0.0876712328767123,0.005,1676.12,0.197699,0.190991
1645,52.8,23.5,0.0876712328767123,0.005,1676.12,0.195419,0.188292
1650,49.1,25,0.0876712328767123,0.005,1676.12,0.191866,0.185389
1655,46.1,26.4,0.0876712328767123,0.005,1676.12,0.189442,0.182
1660,42.7,28,0.0876712328767123,0.005,1676.12,0.186254,0.178898
1665,39.4,29.7,0.0876712328767123,0.005,1676.12,0.183076,0.175785
1670,36.2,31.5,0.0876712328767123,0.005,1676.12,0.180136,0.172889
1675,33.2,33.4,0.0876712328767123,0.005,1676.12,0.176376,0.169664
1680,30,35,0.0876712328767123,0.005,1676.12,0.172282,0.165306
1685,27.2,37.1,0.0876712328767123,0.005,1676.12,0.169364,0.161836
1690,24.5,39.4,0.0876712328767123,0.005,1676.12,0.166047,0.159233
1695,22,41.8,0.0876712328767123,0.005,1676.12,0.163349,0.155376
1700,19.5,44.3,0.0876712328767123,0.005,1676.12,0.160195,0.152334
1705,17.4,47.1,0.0876712328767123,0.005,1676.12,0.157639,0.149297
1710,15.3,50,0.0876712328767123,0.005,1676.12,0.154855,0.147397
1715,13.4,53,0.0876712328767123,0.005,1676.12,0.152102,0.144349
1720,11.5,56.2,0.0876712328767123,0.005,1676.12,0.149063,0.13998
1725,10,59.6,0.0876712328767123,0.005,1676.12,0.146991,0.137068
1730,8.5,63.1,0.0876712328767123,0.005,1676.12,0.144331,0.133732
1735,7.2,66.8,0.0876712328767123,0.005,1676.12,0.142088,0.130667
1740,6,70.6,0.0876712328767123,0.005,1676.12,0.139583,0.12754
1745,5,74.6,0.0876712328767123,0.005,1676.12,0.137654,0.1268
1750,4.2,78.7,0.0876712328767123,0.005,1676.12,0.136042,0.123448
1755,3.5,82.9,0.0876712328767123,0.005,1676.12,0.134912,0.119535
1760,2.9,87.3,0.0876712328767123,0.005,1676.12,0.133342,0.116404
1765,2.35,91.7,0.0876712328767123,0.005,1676.12,0.131588,0.113875
1770,1.85,96.3,0.0876712328767123,0.005,1676.12,0.130057,0.10925
1775,1.5,100.9,0.0876712328767123,0.005,1676.12,0.128984,0.102172
