K,C,P,T,rf,S,sigmaCall,sigmaPut
1220,239.2,0.35,0.0821917808219178,0.005,1462.42,0.204217,0.292673
1225,234.2,0.3,0.0821917808219178,0.005,1462.42,0.199104,0.28507
1230,229.3,0.4,0.0821917808219178,0.005,1462.42,0.259629,0.284388
1240,219.3,0.45,0.0821917808219178,0.005,1462.42,0.221164,0.275765
1250,209.4,0.5,0.0821917808219178,0.005,1462.42,0.226564,0.268209
1260,199.5,0.65,0.0821917808219178,0.005,1462.42,0.226604,0.261369
1270,189.6,0.75,0.0821917808219178,0.005,1462.42,0.223899,0.253857
1275,184.6,0.8,0.0821917808219178,0.005,1462.42,0.218316,0.24988
1280,179.7,0.9,0.0821917808219178,0.005,1462.42,0.219439,0.246748
1290,169.8,0.9,0.0821917808219178,0.005,1462.42,0.216329,0.237171
1300,160,1.1,0.0821917808219178,0.005,1462.42,0.213612,0.229744
1310,150.1,1.25,0.0821917808219178,0.005,1462.42,0.205415,0.222323
1320,140.4,1.5,0.0821917808219178,0.005,1462.42,0.203016,0.215413
1325,135.5,1.65,0.0821917808219178,0.005,1462.42,0.19959,0.212492
1330,130.6,1.7,0.0821917808219178,0.005,1462.42,0.195913,0.207565
1340,120.9,2.2,0.0821917808219178,0.005,1462.42,0.1902,0.202901
1350,111.3,2.5,0.0821917808219178,0.005,1462.42,0.18414,0.194897
1360,101.8,2.9,0.0821917808219178,0.005,1462.42,0.180132,0.188263
1370,92.4,3.5,0.0821917808219178,0.005,1462.42,0.17486,0.181295
1375,87.8,3.9,0.0821917808219178,0.005,1462.42,0.172207,0.178871
1380,83.2,4.2,0.0821917808219178,0.005,1462.42,0.169687,0.17533
1390,74.1,5.1,0.0821917808219178,0.005,1462.42,0.163652,0.169184
1400,65.2,6.2,0.0821917808219178,0.005,1462.42,0.158106,0.163019
1410,56.6,7.5,0.0821917808219178,0.005,1462.42,0.153322,0.15644
1420,48.3,9.2,0.0821917808219178,0.005,1462.42,0.147056,0.150652
1425,44.4,10.1,0.0821917808219178,0.005,1462.42,0.14513,0.147467
1430,40.5,11.3,0.0821917808219178,0.005,1462.42,0.142369,0.144963
1440,33.1,13.8,0.0821917808219178,0.005,1462.42,0.137051,0.139151
1450,26.3,17,0.0821917808219178,0.005,1462.42,0.131596,0.133917
1460,20.2,20.8,0.0821917808219178,0.005,1462.42,0.126039,0.12863
1470,14.9,25.4,0.0821917808219178,0.005,1462.42,0.121027,0.123672
1475,12.6,28,0.0821917808219178,0.005,1462.42,0.118936,0.121336
1480,10.5,30.8,0.0821917808219178,0.005,1462.42,0.116114,0.11894
1490,7,37.2,0.0821917808219178,0.005,1462.42,0.112134,0.114948
1500,4.4,44.4,0.0821917808219178,0.005,1462.42,0.107907,0.11172
1510,2.65,52.6,0.0821917808219178,0.005,1462.42,0.106006,0.109985
1520,1.55,61.5,0.0821917808219178,0.005,1462.42,0.104553,0.111194
1525,1.2,66.1,0.0821917808219178,0.005,1462.42,0.105453,0.11182
1530,1,70.9,0.0821917808219178,0.005,1462.42,0.106696,0.113901
1540,0.65,80.5,0.0821917808219178,0.005,1462.42,0.109865,0.117913
1550,0.4,90.2,0.0821917808219178,0.005,1462.42,0.112716,0.121639
1560,0,100,0.0821917808219178,0.005,1462.42,0.108687,0.125945
1575,0,114.5,0.0821917808219178,0.005,1462.42,0.118383,0.132723
1600,0,139.4,0.0821917808219178,0.005,1462.42,0.134515,0.150272
1625,0,164.4,0.0821917808219178,0.005,1462.42,0.154249,0.172053
1650,0,189.4,0.0821917808219178,0.005,1462.42,0.16581,0.193202
