K,C,P,T,rf,S,sigmaCall,sigmaPut
1410,269.2,0.3,0.0794520547945206,0.005,1683.42,0.26155,0.27107
1420,258.8,0.35,0.0794520547945206,0.005,1683.42,0.219781,0.265639
1425,253.8,0.4,0.0794520547945206,0.005,1683.42,0.226536,0.264606
1430,248.9,0.45,0.0794520547945206,0.005,1683.42,0.230218,0.263204
1440,239.4,0.5,0.0794520547945206,0.005,1683.42,0.249907,0.256471
1450,229,0.55,0.0794520547945206,0.005,1683.42,0.228351,0.250804
1460,220.9,0.65,0.0794520547945206,0.005,1683.42,0.239209,0.244581
1465,215.9,0.7,0.0794520547945206,0.005,1683.42,0.23414,0.241882
1470,211,0.75,0.0794520547945206,0.005,1683.42,0.234192,0.239012
1475,206,0.8,0.0794520547945206,0.005,1683.42,0.229052,0.235986
1480,201.1,0.85,0.0794520547945206,0.005,1683.42,0.228442,0.232816
1485,196.2,0.9,0.0794520547945206,0.005,1683.42,0.227352,0.229512
1490,191.2,0.95,0.0794520547945206,0.005,1683.42,0.224001,0.226989
1495,186.3,1,0.0794520547945206,0.005,1683.42,0.220527,0.223401
1500,181.4,1.1,0.0794520547945206,0.005,1683.42,0.218631,0.221327
1505,176.5,1.2,0.0794520547945206,0.005,1683.42,0.216436,0.218976
1510,171.6,1.25,0.0794520547945206,0.005,1683.42,0.213975,0.21567
1515,166.7,1.4,0.0794520547945206,0.005,1683.42,0.211273,0.213556
1520,161.8,1.5,0.0794520547945206,0.005,1683.42,0.208354,0.210528
1525,156.9,1.6,0.0794520547945206,0.005,1683.42,0.205236,0.207904
1530,152,1.75,0.0794520547945206,0.005,1683.42,0.203084,0.205039
1535,147.2,1.9,0.0794520547945206,0.005,1683.42,0.200629,0.202478
1540,142.3,2.05,0.0794520547945206,0.005,1683.42,0.197901,0.199656
1545,137.5,2.25,0.0794520547945206,0.005,1683.42,0.194922,0.197519
1550,132.7,2.4,0.0794520547945206,0.005,1683.42,0.192608,0.195055
1555,127.9,2.65,0.0794520547945206,0.005,1683.42,0.189978,0.192293
1560,123.1,2.85,0.0794520547945206,0.005,1683.42,0.187847,0.189643
1565,118.4,3.1,0.0794520547945206,0.005,1683.42,0.18536,0.18742
1570,113.7,3.3,0.0794520547945206,0.005,1683.42,0.18324,0.183821
1575,109,3.7,0.0794520547945206,0.005,1683.42,0.180743,0.18258
1580,104.3,4,0.0794520547945206,0.005,1683.42,0.177901,0.179646
1585,99.7,4.4,0.0794520547945206,0.005,1683.42,0.175893,0.176971
1590,95.1,4.8,0.0794520547945206,0.005,1683.42,0.17346,0.174485
1595,90.5,5.1,0.0794520547945206,0.005,1683.42,0.170637,0.171614
1600,86,5.6,0.0794520547945206,0.005,1683.42,0.168418,0.169347
1605,81.6,6.1,0.0794520547945206,0.005,1683.42,0.166214,0.166644
1610,77.2,6.7,0.0794520547945206,0.005,1683.42,0.163984,0.164397
1615,72.8,7.3,0.0794520547945206,0.005,1683.42,0.16128,0.161678
1620,68.5,8,0.0794520547945206,0.005,1683.42,0.158913,0.159297
1625,64.3,8.8,0.0794520547945206,0.005,1683.42,0.15642,0.157162
1630,60.1,9.6,0.0794520547945206,0.005,1683.42,0.154132,0.154491
1635,56,10.5,0.0794520547945206,0.005,1683.42,0.151638,0.152325
1640,52.1,11.5,0.0794520547945206,0.005,1683.42,0.149243,0.149907
1645,48.2,12.6,0.0794520547945206,0.005,1683.42,0.14689,0.147534
1650,44.4,13.8,0.0794520547945206,0.005,1683.42,0.144527,0.145153
1655,40.7,15,0.0794520547945206,0.005,1683.42,0.142108,0.142426
1660,37.1,16.4,0.0794520547945206,0.005,1683.42,0.139588,0.139902
1665,33.6,18,0.0794520547945206,0.005,1683.42,0.136925,0.137515
1670,30.3,19.6,0.0794520547945206,0.005,1683.42,0.13435,0.134934
1675,27.2,21.4,0.0794520547945206,0.005,1683.42,0.132078,0.132658
1680,24.2,23.4,0.0794520547945206,0.005,1683.42,0.129782,0.130093
1685,21.3,25.5,0.0794520547945206,0.005,1683.42,0.127147,0.127732
1690,18.6,27.8,0.0794520547945206,0.005,1683.42,0.124667,0.12526
1695,16.1,30.3,0.0794520547945206,0.005,1683.42,0.122024,0.122907
1700,13.9,32.9,0.0794520547945206,0.005,1683.42,0.120017,0.120361
1705,11.8,35.8,0.0794520547945206,0.005,1683.42,0.117797,0.118451
1710,10,38.9,0.0794520547945206,0.005,1683.42,0.115937,0.116319
1715,8.3,42.2,0.0794520547945206,0.005,1683.42,0.113844,0.114578
1720,6.8,45.7,0.0794520547945206,0.005,1683.42,0.111834,0.112627
1725,5.6,49.4,0.0794520547945206,0.005,1683.42,0.110341,0.111207
1730,4.6,53.3,0.0794520547945206,0.005,1683.42,0.109156,0.109696
1735,3.6,57.3,0.0794520547945206,0.005,1683.42,0.107542,0.108151
1740,2.9,61.6,0.0794520547945206,0.005,1683.42,0.107024,0.107192
1745,2.3,65.3,0.0794520547945206,0.005,1683.42,0.106117,0.106613
1750,1.85,68.9,0.0794520547945206,0.005,1683.42,0.10583,0.106068
1755,1.45,73.7,0.0794520547945206,0.005,1683.42,0.105466,0.105751
1760,1.15,78.4,0.0794520547945206,0.005,1683.42,0.105633,0.105975
1765,0.9,83.2,0.0794520547945206,0.005,1683.42,0.105751,0.107192
1770,0.7,88,0.0794520547945206,0.005,1683.42,0.105986,0.10768
1775,0.55,92.8,0.0794520547945206,0.005,1683.42,0.106606,0.111184
1780,0.35,97.7,0.0794520547945206,0.005,1683.42,0.107166,0.115837
1790,0.15,107.5,0.0794520547945206,0.005,1683.42,0.108771,0.119133
1800,0.05,117.4,0.0794520547945206,0.005,1683.42,0.11148,0.124306
1825,0,142.3,0.0794520547945206,0.005,1683.42,0.122473,0.138175
1850,0,167.2,0.0794520547945206,0.005,1683.42,0.137171,0.154676
1875,0,192.2,0.0794520547945206,0.005,1683.42,0.150324,0.169798
